# onset,offset,note,velocity
0.521985	1.008981	69.000000	77.000000
0.860990	1.154973	66.000000	68.000000
0.865992	1.008981	50.000000	59.000000
1.011985	1.155979	73.000000	70.000000
1.155979	1.298968	74.000000	71.000000
1.158970	1.445980	66.000000	60.000000
1.159976	1.445980	50.000000	52.000000
1.159976	1.445980	57.000000	52.000000
1.159976	1.448970	62.000000	52.000000
1.298968	1.449976	76.000000	71.000000
1.449976	1.588968	78.000000	72.000000
1.450969	1.757961	66.000000	61.000000
1.452967	1.760965	50.000000	52.000000
1.452967	1.760965	57.000000	52.000000
1.452967	1.760965	62.000000	52.000000
1.588968	1.676972	79.000000	73.000000
1.676972	1.715971	78.000000	70.000000
1.718962	1.763956	79.000000	68.000000
1.764962	2.061976	78.000000	76.000000
1.764962	1.907964	45.000000	59.000000
2.061976	2.355987	67.000000	62.000000
2.062969	2.211979	76.000000	74.000000
2.062969	2.359983	52.000000	54.000000
2.065973	2.359983	57.000000	54.000000
2.065973	2.359983	61.000000	54.000000
2.212971	2.360976	74.000000	74.000000
2.362974	2.646980	67.000000	62.000000
2.362974	2.498976	73.000000	73.000000
2.363980	2.646980	52.000000	54.000000
2.366971	2.649984	57.000000	54.000000
2.366971	2.649984	61.000000	54.000000
2.502972	2.653980	71.000000	72.000000
2.653980	2.792973	69.000000	74.000000
2.654973	2.793965	38.000000	59.000000
2.793965	2.936981	74.000000	70.000000
2.936981	3.244965	66.000000	62.000000
2.940977	3.041976	74.000000	74.000000
2.940977	3.244965	50.000000	54.000000
2.941983	3.245971	57.000000	54.000000
2.941983	3.248962	62.000000	54.000000
3.041976	3.139970	76.000000	70.000000
3.140976	3.248962	74.000000	70.000000
3.249968	3.545963	66.000000	59.000000
3.251966	3.394955	73.000000	70.000000
3.251966	3.548967	50.000000	54.000000
3.252972	3.548967	57.000000	54.000000
3.252972	3.549960	62.000000	54.000000
3.395960	3.549960	71.000000	70.000000
3.552964	4.564948	73.000000	73.000000
3.553956	3.710959	45.000000	59.000000
3.863966	4.196962	64.000000	44.000000
3.864958	4.197955	69.000000	53.000000
3.867962	4.197955	57.000000	43.000000
4.199953	4.564948	67.000000	57.000000
4.200959	4.565954	69.000000	68.000000
4.200959	4.565954	57.000000	56.000000
4.200959	4.567952	64.000000	56.000000
4.567952	4.710955	69.000000	74.000000
4.568945	4.714951	50.000000	59.000000
4.715957	4.858945	73.000000	70.000000
4.858945	5.000942	74.000000	71.000000
4.861950	5.148946	66.000000	60.000000
4.861950	5.148946	57.000000	52.000000
4.862942	5.149952	62.000000	52.000000
5.001948	5.151950	76.000000	71.000000
5.151950	5.292941	78.000000	72.000000
5.152943	5.452934	66.000000	61.000000
5.155947	5.456944	50.000000	52.000000
5.155947	5.459935	57.000000	52.000000
5.156939	5.460941	62.000000	52.000000
5.292941	5.375942	79.000000	73.000000
5.376947	5.417945	78.000000	70.000000
5.418937	5.460941	79.000000	68.000000
5.460941	5.757942	78.000000	76.000000
5.463932	5.607939	43.000000	59.000000
5.757942	6.047929	67.000000	62.000000
5.760946	5.901937	76.000000	74.000000
5.761939	6.048935	59.000000	54.000000
5.761939	6.051926	64.000000	54.000000
5.904941	6.052932	74.000000	74.000000
6.052932	6.345936	67.000000	62.000000
6.054930	6.198938	73.000000	73.000000
6.055922	6.346942	52.000000	54.000000
6.055922	6.346942	59.000000	54.000000
6.055922	6.347935	64.000000	54.000000
6.198938	6.349933	71.000000	72.000000
6.349933	6.482930	69.000000	74.000000
6.349933	6.482930	45.000000	59.000000
6.485934	6.629942	73.000000	70.000000
6.629942	6.940931	67.000000	62.000000
6.630935	6.733932	73.000000	74.000000
6.631940	6.944928	57.000000	54.000000
6.632946	6.944928	64.000000	54.000000
6.734937	6.835936	74.000000	70.000000
6.835936	6.945933	73.000000	70.000000
6.947932	7.244919	67.000000	59.000000
6.947932	7.090920	71.000000	70.000000
6.948924	7.245925	57.000000	54.000000
6.948924	7.245925	64.000000	54.000000
7.094917	7.246918	69.000000	70.000000
7.248916	8.225911	74.000000	73.000000
7.248916	7.398919	38.000000	59.000000
7.556914	7.871913	66.000000	53.000000
7.556914	7.871913	50.000000	36.000000
7.560911	7.872919	57.000000	36.000000
7.560911	7.875910	62.000000	43.000000
7.875910	8.526922	66.000000	47.000000
7.876915	8.526922	50.000000	39.000000
7.876915	8.527915	57.000000	39.000000
7.878914	8.529926	62.000000	39.000000
8.225911	8.375914	69.000000	40.000000
8.376920	8.529926	73.000000	39.000000
8.533923	8.676912	74.000000	39.000000
8.533923	8.823924	66.000000	33.000000
8.534915	8.823924	50.000000	28.000000
8.536914	8.824916	57.000000	28.000000
8.536914	8.827920	62.000000	28.000000
8.680908	8.827920	76.000000	39.000000
8.827920	8.973926	78.000000	40.000000
8.828912	9.142919	66.000000	33.000000
8.830911	9.142919	50.000000	28.000000
8.830911	9.143911	57.000000	28.000000
8.830911	9.145910	62.000000	28.000000
8.974919	9.054929	79.000000	40.000000
9.055921	9.100915	78.000000	39.000000
9.100915	9.145910	79.000000	37.000000
9.146915	9.450917	78.000000	42.000000
9.149919	9.299922	45.000000	32.000000
9.450917	9.751928	67.000000	34.000000
9.451923	9.600920	76.000000	40.000000
9.453921	9.751928	52.000000	29.000000
9.453921	9.754932	57.000000	29.000000
9.454914	9.754932	61.000000	29.000000
9.601926	9.755925	74.000000	40.000000
9.755925	10.052926	67.000000	34.000000
9.758929	9.901917	73.000000	40.000000
9.759921	10.052926	52.000000	29.000000
9.759921	10.055917	57.000000	29.000000
9.761919	10.055917	61.000000	29.000000
9.902923	10.059927	71.000000	40.000000
10.059927	10.198932	69.000000	40.000000
10.060919	10.199924	38.000000	32.000000
10.199924	10.342940	74.000000	39.000000
10.343932	10.660916	66.000000	34.000000
10.345931	10.454922	74.000000	40.000000
10.345931	10.664926	50.000000	29.000000
10.346936	10.664926	57.000000	29.000000
10.349927	10.665918	62.000000	29.000000
10.454922	10.559931	76.000000	39.000000
10.560923	10.667917	74.000000	39.000000
10.668922	10.968928	66.000000	32.000000
10.668922	10.818925	73.000000	39.000000
10.671913	10.972924	50.000000	29.000000
10.671913	10.972924	57.000000	29.000000
10.672919	10.973930	62.000000	29.000000
10.822922	10.975928	71.000000	39.000000
10.976921	11.991923	73.000000	40.000000
10.976921	11.133924	45.000000	32.000000
11.294924	11.637925	64.000000	24.000000
11.297928	11.638931	69.000000	29.000000
11.298920	11.640929	61.000000	24.000000
11.298920	11.641921	57.000000	24.000000
11.641921	11.994927	67.000000	31.000000
11.644925	11.994927	69.000000	37.000000
11.645918	12.295938	57.000000	31.000000
11.645918	11.995919	64.000000	31.000000
11.998923	12.141926	69.000000	40.000000
11.999929	12.296931	50.000000	32.000000
12.141926	12.296931	73.000000	39.000000
12.296931	12.438927	74.000000	39.000000
12.298929	12.582935	66.000000	33.000000
12.298929	12.586931	57.000000	28.000000
12.299935	12.586931	62.000000	28.000000
12.439919	12.589935	76.000000	39.000000
12.589935	12.740930	78.000000	40.000000
12.590928	12.904934	66.000000	33.000000
12.590928	12.905926	50.000000	28.000000
12.592926	12.905926	57.000000	28.000000
12.592926	12.905926	62.000000	28.000000
12.740930	12.820941	79.000000	40.000000
12.824937	12.862931	78.000000	39.000000
12.863936	12.907925	79.000000	37.000000
12.908931	13.212932	78.000000	42.000000
12.908931	13.058933	43.000000	32.000000
13.213938	13.513943	67.000000	34.000000
13.213938	13.363941	76.000000	40.000000
13.215936	13.514949	59.000000	29.000000
13.215936	13.516947	64.000000	29.000000
13.363941	13.517940	74.000000	40.000000
13.517940	13.814955	67.000000	34.000000
13.520944	13.664952	73.000000	40.000000
13.521936	13.815947	52.000000	29.000000
13.521936	13.815947	59.000000	29.000000
13.521936	13.817945	64.000000	29.000000
13.665944	13.818951	71.000000	40.000000
13.818951	13.961953	69.000000	40.000000
13.822947	13.962959	45.000000	32.000000
13.962959	14.109957	73.000000	39.000000
14.112962	14.424943	67.000000	34.000000
14.116958	14.216951	73.000000	40.000000
14.116958	14.424943	57.000000	29.000000
14.116958	14.427947	64.000000	29.000000
14.217957	14.318955	74.000000	39.000000
14.322952	14.427947	73.000000	39.000000
14.427947	14.738949	67.000000	32.000000
14.431943	14.581946	71.000000	39.000000
14.431943	14.739955	57.000000	29.000000
14.432949	14.739955	64.000000	29.000000
14.584950	14.740948	69.000000	39.000000
14.742946	15.718922	74.000000	40.000000
14.742946	14.892935	38.000000	32.000000
15.056939	15.382935	66.000000	29.000000
15.057931	15.382935	50.000000	20.000000
15.060935	15.382935	57.000000	20.000000
15.061941	15.386931	62.000000	24.000000
15.386931	15.719928	66.000000	37.000000
15.386931	15.721926	50.000000	31.000000
15.390928	15.722932	57.000000	31.000000
15.390928	15.722932	62.000000	31.000000
15.725922	15.869917	64.000000	73.000000
15.726928	15.872921	45.000000	59.000000
15.872921	16.012906	68.000000	70.000000
16.016915	16.159904	69.000000	71.000000
16.019906	16.299902	61.000000	60.000000
16.019906	16.299902	45.000000	52.000000
16.019906	16.303899	52.000000	52.000000
16.020912	16.303899	57.000000	52.000000
16.160897	16.303899	71.000000	71.000000
16.304891	16.449891	73.000000	72.000000
16.306889	16.618884	61.000000	61.000000
16.306889	16.618884	45.000000	52.000000
16.307895	16.621888	52.000000	52.000000
16.310899	16.621888	57.000000	52.000000
16.450884	16.537895	74.000000	73.000000
16.538887	16.579885	73.000000	70.000000
16.579885	16.621888	74.000000	68.000000
16.625885	16.919895	73.000000	76.000000
16.625885	16.768887	40.000000	59.000000
16.919895	17.216883	62.000000	62.000000
16.922886	17.065888	71.000000	74.000000
16.923892	17.216883	52.000000	54.000000
16.926896	17.217889	59.000000	54.000000
17.066880	17.220893	69.000000	74.000000
17.220893	17.507889	62.000000	62.000000
17.221885	17.363881	68.000000	73.000000
17.223883	17.510880	52.000000	54.000000
17.224889	17.510880	59.000000	54.000000
17.364874	17.511886	66.000000	72.000000
17.511886	17.651884	64.000000	74.000000
17.514890	17.654874	33.000000	59.000000
17.654874	17.797890	69.000000	70.000000
17.798882	18.105875	61.000000	62.000000
17.800881	17.895885	69.000000	74.000000
17.801886	18.106881	45.000000	54.000000
17.801886	18.106881	52.000000	54.000000
17.802879	18.108879	57.000000	54.000000
17.895885	18.001886	71.000000	70.000000
18.001886	18.108879	69.000000	70.000000
18.109871	18.406886	61.000000	59.000000
18.112875	18.256883	68.000000	70.000000
18.113868	18.407878	45.000000	54.000000
18.113868	18.409877	52.000000	54.000000
18.113868	18.410882	57.000000	54.000000
18.256883	18.410882	66.000000	70.000000
18.410882	19.414861	68.000000	73.000000
18.414879	18.567872	40.000000	59.000000
18.724875	19.057858	59.000000	44.000000
18.725868	19.058864	64.000000	53.000000
18.728872	19.058864	52.000000	43.000000
19.060863	19.417865	62.000000	57.000000
19.061868	19.421861	64.000000	68.000000
19.061868	19.421861	52.000000	56.000000
19.064859	19.422854	59.000000	56.000000
19.422854	19.561859	64.000000	74.000000
19.424852	19.561859	45.000000	59.000000
19.565856	19.708844	68.000000	70.000000
19.709850	19.852839	69.000000	71.000000
19.709850	19.998845	61.000000	60.000000
19.711849	19.999851	52.000000	52.000000
19.712841	19.999851	57.000000	52.000000
19.852839	20.000843	71.000000	71.000000
20.002842	20.142840	73.000000	72.000000
20.003847	20.310840	61.000000	61.000000
20.003847	20.311832	45.000000	52.000000
20.004840	20.313830	52.000000	52.000000
20.005846	20.314836	57.000000	52.000000
20.143832	20.230843	74.000000	73.000000
20.230843	20.269842	73.000000	70.000000
20.272833	20.314836	74.000000	68.000000
20.315829	20.611838	73.000000	76.000000
20.318833	20.461835	38.000000	59.000000
20.612843	20.902857	62.000000	62.000000
20.614842	20.758849	71.000000	74.000000
20.615834	20.902857	54.000000	54.000000
20.615834	20.906854	59.000000	54.000000
20.759842	20.906854	69.000000	74.000000
20.906854	21.196841	62.000000	62.000000
20.909845	21.052847	68.000000	73.000000
20.909845	21.199832	47.000000	54.000000
20.910850	21.203828	54.000000	54.000000
20.913854	21.203828	59.000000	54.000000
21.056843	21.203828	66.000000	72.000000
21.204834	21.342834	64.000000	74.000000
21.206832	21.343826	40.000000	59.000000
21.346830	21.483824	68.000000	70.000000
21.483824	21.798810	62.000000	62.000000
21.486828	21.587814	68.000000	74.000000
21.487821	21.798810	52.000000	54.000000
21.487821	21.799815	59.000000	54.000000
21.588819	21.692822	69.000000	70.000000
21.693815	21.801814	68.000000	70.000000
21.801814	22.099807	62.000000	59.000000
21.802806	21.948799	66.000000	70.000000
21.802806	22.099807	52.000000	54.000000
21.805810	22.102811	59.000000	54.000000
21.949805	22.102811	64.000000	70.000000
22.103804	23.093808	69.000000	73.000000
22.106808	22.256811	33.000000	59.000000
22.410810	22.736806	61.000000	53.000000
22.414806	22.739810	45.000000	36.000000
22.414806	22.739810	52.000000	36.000000
22.415812	22.740802	57.000000	43.000000
22.743806	23.394806	61.000000	47.000000
22.743806	23.394806	45.000000	39.000000
22.744799	23.395811	52.000000	39.000000
22.744799	23.397810	57.000000	39.000000
23.093808	23.239814	64.000000	40.000000
23.244803	23.397810	68.000000	39.000000
23.398815	23.537808	69.000000	39.000000
23.398815	23.688803	61.000000	33.000000
23.401806	23.691807	45.000000	28.000000
23.401806	23.692813	52.000000	28.000000
23.402812	23.692813	57.000000	28.000000
23.538800	23.695803	71.000000	39.000000
23.695803	23.845806	73.000000	40.000000
23.696809	24.020807	61.000000	33.000000
23.696809	24.020807	45.000000	28.000000
23.698807	24.021799	52.000000	28.000000
23.698807	24.024803	57.000000	28.000000
23.846812	23.932817	74.000000	40.000000
23.933809	23.975813	73.000000	39.000000
23.976805	24.024803	74.000000	37.000000
24.025796	24.328805	73.000000	42.000000
24.027794	24.174806	40.000000	32.000000
24.328805	24.629816	62.000000	34.000000
24.329811	24.479813	71.000000	40.000000
24.332801	24.630808	52.000000	29.000000
24.332801	24.630808	59.000000	29.000000
24.479813	24.633813	69.000000	40.000000
24.634818	24.930814	62.000000	34.000000
24.636817	24.779805	68.000000	40.000000
24.637809	24.933804	52.000000	29.000000
24.637809	24.933804	59.000000	29.000000
24.784808	24.934810	66.000000	40.000000
24.934810	25.077799	64.000000	40.000000
24.937801	25.077799	33.000000	32.000000
25.078805	25.227802	69.000000	39.000000
25.228807	25.542787	61.000000	34.000000
25.228807	25.333803	69.000000	40.000000
25.231798	25.543793	45.000000	29.000000
25.232804	25.543793	52.000000	29.000000
25.232804	25.543793	57.000000	29.000000
25.333803	25.435794	71.000000	39.000000
25.438798	25.546797	69.000000	39.000000
25.546797	25.854795	61.000000	32.000000
25.547789	25.697792	68.000000	39.000000
25.547789	25.855801	45.000000	29.000000
25.549788	25.855801	52.000000	29.000000
25.550793	25.857799	57.000000	29.000000
25.697792	25.858792	66.000000	39.000000
25.858792	26.879789	68.000000	40.000000
25.861796	26.019791	40.000000	32.000000
26.179799	26.515799	59.000000	24.000000
26.180791	26.516805	64.000000	29.000000
26.180791	26.516805	52.000000	24.000000
26.519796	26.883798	62.000000	31.000000
26.520801	26.884791	64.000000	37.000000
26.520801	27.187800	52.000000	31.000000
26.522800	26.886789	59.000000	31.000000
26.886789	27.041794	64.000000	40.000000
26.887795	27.192803	45.000000	32.000000
27.041794	27.192803	68.000000	39.000000
27.194801	27.342805	69.000000	39.000000
27.195793	27.492808	61.000000	33.000000
27.195793	27.493800	52.000000	28.000000
27.195793	27.493800	57.000000	28.000000
27.342805	27.495798	71.000000	39.000000
27.496804	27.646807	73.000000	40.000000
27.496804	27.821794	61.000000	33.000000
27.497797	27.822800	45.000000	28.000000
27.499808	27.822800	52.000000	28.000000
27.500801	27.824798	57.000000	28.000000
27.650803	27.734810	74.000000	40.000000
27.738807	27.775808	73.000000	39.000000
27.776800	27.825804	74.000000	37.000000
27.825804	28.136807	73.000000	42.000000
27.829801	27.979803	38.000000	32.000000
28.137799	28.447809	62.000000	34.000000
28.137799	28.294802	71.000000	40.000000
28.139797	28.452798	54.000000	29.000000
28.140803	28.452798	59.000000	29.000000
28.294802	28.452798	69.000000	40.000000
28.454796	28.755794	62.000000	34.000000
28.455802	28.598791	68.000000	40.000000
28.455802	28.756800	47.000000	29.000000
28.458806	28.759790	54.000000	29.000000
28.459798	28.760796	59.000000	29.000000
28.602801	28.760796	66.000000	40.000000
28.762794	28.906789	64.000000	40.000000
28.763787	28.910785	40.000000	32.000000
28.910785	29.057784	68.000000	39.000000
29.057784	29.383793	62.000000	34.000000
29.061794	29.169780	68.000000	40.000000
29.061794	29.385791	52.000000	29.000000
29.064784	29.386784	59.000000	29.000000
29.170785	29.274775	69.000000	39.000000
29.274775	29.386784	68.000000	39.000000
29.389788	29.705793	62.000000	32.000000
29.390780	29.540783	66.000000	39.000000
29.390780	29.705793	52.000000	29.000000
29.392779	29.705793	59.000000	29.000000
29.543787	29.706785	64.000000	39.000000
29.707791	30.863783	69.000000	40.000000
29.708783	29.865787	33.000000	32.000000
30.027779	30.365791	61.000000	37.000000
30.029790	30.366783	57.000000	25.000000
30.030783	30.369787	64.000000	30.000000
30.370793	30.712788	67.000000	73.000000
30.370793	30.715793	61.000000	73.000000
30.371786	30.716785	57.000000	60.000000
30.371786	30.716785	64.000000	60.000000
30.719789	31.010782	66.000000	78.000000
30.720795	30.863783	50.000000	67.000000
30.866774	31.010782	73.000000	80.000000
31.011788	31.153784	74.000000	81.000000
31.013786	31.301788	66.000000	69.000000
31.014792	31.301788	50.000000	59.000000
31.014792	31.301788	57.000000	59.000000
31.015784	31.303787	62.000000	59.000000
31.154777	31.304779	76.000000	81.000000
31.304779	31.444777	78.000000	82.000000
31.305785	31.609760	66.000000	70.000000
31.308789	31.609760	50.000000	59.000000
31.308789	31.610766	57.000000	59.000000
31.308789	31.612764	62.000000	59.000000
31.445783	31.524774	79.000000	83.000000
31.524774	31.566764	78.000000	80.000000
31.570761	31.612764	79.000000	78.000000
31.612764	31.910771	78.000000	87.000000
31.613756	31.755766	45.000000	67.000000
31.910771	32.200772	67.000000	71.000000
31.911777	32.052767	76.000000	85.000000
31.913775	32.200772	52.000000	62.000000
31.913775	32.201764	57.000000	62.000000
31.913775	32.203762	61.000000	62.000000
32.053760	32.203762	74.000000	85.000000
32.203762	32.494769	67.000000	71.000000
32.207772	32.350761	73.000000	83.000000
32.207772	32.497759	52.000000	62.000000
32.207772	32.498765	57.000000	62.000000
32.208765	32.498765	61.000000	62.000000
32.351753	32.501769	71.000000	82.000000
32.501769	32.641754	69.000000	85.000000
32.502762	32.641754	38.000000	67.000000
32.644758	32.781752	74.000000	80.000000
32.781752	33.092741	66.000000	71.000000
32.782758	32.886747	74.000000	85.000000
32.784756	33.093747	50.000000	62.000000
32.784756	33.096737	57.000000	62.000000
32.785748	33.097743	62.000000	62.000000
32.886747	32.987746	76.000000	80.000000
32.988752	33.099741	74.000000	80.000000
33.099741	33.393739	66.000000	67.000000
33.100734	33.243736	73.000000	80.000000
33.100734	33.397735	50.000000	62.000000
33.103738	33.398741	57.000000	62.000000
33.104744	33.398741	62.000000	62.000000
33.243736	33.400739	71.000000	80.000000
33.400739	34.373724	73.000000	83.000000
33.401732	33.551721	45.000000	67.000000
33.708724	34.027719	64.000000	50.000000
33.709730	34.028725	69.000000	60.000000
33.712720	34.030723	57.000000	49.000000
34.031729	34.377721	67.000000	65.000000
34.035726	34.378727	69.000000	78.000000
34.035726	34.380725	57.000000	64.000000
34.035726	34.380725	64.000000	64.000000
34.381717	34.528729	69.000000	85.000000
34.381717	34.528729	50.000000	67.000000
34.529735	34.671718	73.000000	80.000000
34.672724	34.818717	74.000000	81.000000
34.674722	34.961705	66.000000	69.000000
34.675715	34.962711	57.000000	59.000000
34.678719	34.964709	62.000000	59.000000
34.818717	34.965702	76.000000	81.000000
34.965702	35.108704	78.000000	82.000000
34.968706	35.276677	66.000000	70.000000
34.969698	35.277683	50.000000	59.000000
34.969698	35.277683	57.000000	59.000000
34.971710	35.279681	62.000000	59.000000
35.108704	35.188687	79.000000	83.000000
35.189693	35.227687	78.000000	80.000000
35.231683	35.280687	79.000000	78.000000
35.280687	35.578694	78.000000	87.000000
35.283678	35.427686	43.000000	67.000000
35.581685	35.867676	67.000000	71.000000
35.581685	35.724687	76.000000	85.000000
35.582691	35.868681	59.000000	62.000000
35.582691	35.871672	64.000000	62.000000
35.725679	35.872678	74.000000	85.000000
35.872678	36.166675	67.000000	71.000000
35.874676	36.011670	73.000000	83.000000
35.875669	36.166675	52.000000	62.000000
35.875669	36.166675	59.000000	62.000000
35.875669	36.169666	64.000000	62.000000
36.015667	36.169666	71.000000	82.000000
36.169666	36.302663	69.000000	85.000000
36.170672	36.305667	45.000000	67.000000
36.306660	36.449675	73.000000	80.000000
36.449675	36.753664	67.000000	71.000000
36.453672	36.553664	73.000000	85.000000
36.453672	36.757660	57.000000	62.000000
36.453672	36.761656	64.000000	62.000000
36.554670	36.655669	74.000000	80.000000
36.659665	36.761656	73.000000	80.000000
36.761656	37.061675	67.000000	67.000000
36.762662	36.914663	71.000000	80.000000
36.764661	37.065672	57.000000	62.000000
36.764661	37.068662	64.000000	62.000000
36.915669	37.068662	69.000000	80.000000
37.069668	38.052672	74.000000	83.000000
37.069668	37.222675	38.000000	67.000000
37.376674	37.702670	66.000000	60.000000
37.376674	37.702670	50.000000	41.000000
37.380671	37.705674	57.000000	41.000000
37.380671	37.705674	62.000000	49.000000
37.705674	38.360670	66.000000	54.000000
37.709670	38.360670	50.000000	44.000000
37.709670	38.361676	57.000000	44.000000
37.709670	38.361676	62.000000	44.000000
38.052672	38.202674	69.000000	40.000000
38.203667	38.363674	73.000000	39.000000
38.363674	38.503672	74.000000	39.000000
38.364666	38.654667	66.000000	33.000000
38.367670	38.657671	50.000000	28.000000
38.367670	38.657671	57.000000	28.000000
38.367670	38.658663	62.000000	28.000000
38.504664	38.658663	76.000000	39.000000
38.661668	38.811670	78.000000	40.000000
38.661668	38.990668	66.000000	33.000000
38.662673	38.993658	50.000000	28.000000
38.664672	38.993658	57.000000	28.000000
38.664672	38.993658	62.000000	28.000000
38.812676	38.895677	79.000000	40.000000
38.900679	38.944668	78.000000	39.000000
38.945673	38.997655	79.000000	37.000000
38.997655	39.305666	78.000000	42.000000
38.998660	39.147671	45.000000	32.000000
39.305666	39.609668	67.000000	34.000000
39.306659	39.455669	76.000000	40.000000
39.308670	39.613665	52.000000	29.000000
39.308670	39.616669	57.000000	29.000000
39.309663	39.616669	61.000000	29.000000
39.456675	39.617675	74.000000	40.000000
39.617675	39.914662	67.000000	34.000000
39.620665	39.763654	73.000000	40.000000
39.620665	39.915668	52.000000	29.000000
39.621671	39.917666	57.000000	29.000000
39.621671	39.917666	61.000000	29.000000
39.764660	39.918659	71.000000	40.000000
39.918659	40.064652	69.000000	40.000000
39.921663	40.065657	38.000000	32.000000
40.068648	40.215660	74.000000	39.000000
40.216652	40.540637	66.000000	34.000000
40.218651	40.324652	74.000000	40.000000
40.218651	40.541642	50.000000	29.000000
40.219656	40.544647	57.000000	29.000000
40.222661	40.545639	62.000000	29.000000
40.327656	40.432651	76.000000	39.000000
40.432651	40.545639	74.000000	39.000000
40.547637	40.855649	66.000000	32.000000
40.548643	40.698646	73.000000	39.000000
40.548643	40.856641	50.000000	29.000000
40.551634	40.856641	57.000000	29.000000
40.551634	40.856641	62.000000	29.000000
40.698646	40.859645	71.000000	39.000000
40.860638	41.898640	73.000000	40.000000
40.860638	41.017641	45.000000	32.000000
41.184635	41.527637	64.000000	24.000000
41.185641	41.528642	69.000000	29.000000
41.188632	41.528642	61.000000	24.000000
41.188632	41.531646	57.000000	24.000000
41.531646	41.899632	67.000000	31.000000
41.532639	41.902636	69.000000	37.000000
41.534637	42.224636	57.000000	31.000000
41.535643	41.902636	64.000000	31.000000
41.903629	42.060632	69.000000	40.000000
41.905627	42.227627	50.000000	32.000000
42.063636	42.227627	73.000000	39.000000
42.228632	42.382631	74.000000	39.000000
42.228632	42.535638	66.000000	33.000000
42.231623	42.539635	57.000000	28.000000
42.231623	42.542625	62.000000	28.000000
42.382631	42.542625	76.000000	39.000000
42.543631	42.697630	78.000000	40.000000
42.543631	42.868635	66.000000	33.000000
42.546635	42.871625	50.000000	28.000000
42.546635	42.871625	57.000000	28.000000
42.547628	42.872631	62.000000	28.000000
42.697630	42.784641	79.000000	40.000000
42.785634	42.826631	78.000000	39.000000
42.829635	42.875622	79.000000	37.000000
42.875622	43.200625	78.000000	42.000000
42.876628	43.032625	43.000000	32.000000
43.200625	43.519621	67.000000	34.000000
43.204622	43.358621	76.000000	40.000000
43.204622	43.519621	59.000000	29.000000
43.205628	43.520626	64.000000	29.000000
43.358621	43.522625	74.000000	40.000000
43.522625	43.837624	67.000000	34.000000
43.526621	43.679628	73.000000	40.000000
43.526621	43.838629	52.000000	29.000000
43.527614	43.841620	59.000000	29.000000
43.527614	43.841620	64.000000	29.000000
43.680620	43.842626	71.000000	40.000000
43.842626	43.995619	69.000000	40.000000
43.844624	43.995619	45.000000	32.000000
43.996625	44.152622	73.000000	39.000000
44.153628	44.492633	67.000000	34.000000
44.156619	44.268615	73.000000	40.000000
44.156619	44.493625	57.000000	29.000000
44.157625	44.495623	64.000000	29.000000
44.268615	44.380624	74.000000	39.000000
44.381616	44.499633	73.000000	39.000000
44.499633	44.817623	67.000000	32.000000
44.500626	44.656623	71.000000	39.000000
44.500626	44.821619	57.000000	29.000000
44.502624	44.821619	64.000000	29.000000
44.657629	44.824623	69.000000	39.000000
44.824623	46.165608	74.000000	40.000000
44.825629	45.153623	38.000000	32.000000
45.157620	45.507622	66.000000	29.000000
45.160611	45.511618	50.000000	20.000000
45.160611	45.514622	57.000000	20.000000
45.161616	45.514622	62.000000	24.000000
45.515615	45.899613	66.000000	37.000000
45.515615	45.899613	50.000000	31.000000
45.518619	45.899613	57.000000	31.000000
45.518619	45.902617	62.000000	31.000000
45.903610	46.612612	65.000000	54.000000
45.906614	46.253611	46.000000	44.000000
46.165608	46.253611	74.000000	58.000000
46.255610	46.613604	75.000000	62.000000
46.256616	46.613604	62.000000	40.000000
46.256616	46.616608	58.000000	33.000000
46.260612	46.617614	53.000000	33.000000
46.617614	47.344601	70.000000	42.000000
46.620605	46.991595	76.000000	55.000000
46.620605	46.992601	53.000000	34.000000
46.620605	46.992601	62.000000	41.000000
46.623609	46.994599	58.000000	34.000000
46.995591	47.256597	79.000000	64.000000
46.995591	47.345593	41.000000	46.000000
47.257590	47.345593	77.000000	60.000000
47.348597	47.520594	69.000000	49.000000
47.349590	47.698599	72.000000	64.000000
47.351588	47.699591	63.000000	43.000000
47.352594	47.701590	60.000000	35.000000
47.352594	47.702595	53.000000	35.000000
47.520594	47.705599	67.000000	47.000000
47.706592	48.430601	65.000000	48.000000
47.706592	48.076603	72.000000	57.000000
47.706592	48.076603	63.000000	44.000000
47.708590	48.079593	60.000000	36.000000
47.709596	48.079593	53.000000	36.000000
48.080599	48.335597	74.000000	64.000000
48.080599	48.430601	46.000000	49.000000
48.338601	48.433592	74.000000	64.000000
48.433592	48.783593	65.000000	50.000000
48.434597	48.783593	70.000000	50.000000
48.437588	48.787590	75.000000	69.000000
48.437588	48.787590	62.000000	45.000000
48.438594	48.787590	58.000000	37.000000
48.438594	48.790594	53.000000	37.000000
48.790594	49.504585	65.000000	51.000000
48.791586	49.147596	70.000000	51.000000
48.794590	49.151593	76.000000	61.000000
48.794590	49.154583	53.000000	38.000000
48.795596	49.154583	62.000000	46.000000
48.797594	49.154583	58.000000	38.000000
49.155589	49.504585	72.000000	52.000000
49.158580	49.417587	79.000000	71.000000
49.158580	49.763579	45.000000	51.000000
49.417587	49.508581	77.000000	66.000000
49.508581	49.857591	65.000000	59.000000
49.508581	50.235595	72.000000	71.000000
49.509587	49.767589	60.000000	47.000000
49.767589	49.860581	43.000000	48.000000
49.861587	50.236587	69.000000	67.000000
49.861587	50.236587	77.000000	81.000000
49.862580	50.239591	41.000000	62.000000
50.240584	50.421606	76.000000	73.000000
50.240584	50.421606	70.000000	69.000000
50.242582	50.422598	82.000000	86.000000
50.243588	50.599598	36.000000	55.000000
50.243588	50.603594	48.000000	64.000000
50.518608	50.603594	70.000000	66.000000
50.519601	50.604600	76.000000	69.000000
50.522605	50.606598	82.000000	82.000000
50.607591	50.974584	70.000000	70.000000
50.607591	50.975590	76.000000	72.000000
50.610595	50.975590	82.000000	85.000000
50.610595	50.977588	67.000000	64.000000
50.611587	50.977588	60.000000	55.000000
50.978581	51.345574	70.000000	70.000000
50.978581	51.345574	76.000000	70.000000
50.981585	51.346580	82.000000	83.000000
51.346580	51.530579	77.000000	73.000000
51.349570	51.531585	70.000000	73.000000
51.350576	51.531585	82.000000	86.000000
51.350576	51.534576	41.000000	64.000000
51.621587	51.709590	70.000000	69.000000
51.625583	51.709590	77.000000	69.000000
51.625583	51.713587	82.000000	82.000000
51.626576	51.713587	59.000000	65.000000
51.713587	52.079574	70.000000	72.000000
51.716577	52.080580	77.000000	72.000000
51.716577	52.083571	82.000000	85.000000
51.716577	51.982572	60.000000	72.000000
51.982572	52.084577	61.000000	68.000000
52.084577	52.447587	69.000000	67.000000
52.087567	52.448580	77.000000	70.000000
52.087567	52.448580	81.000000	83.000000
52.088573	52.450578	60.000000	72.000000
52.451584	52.633585	76.000000	64.000000
52.451584	52.633585	70.000000	64.000000
52.454574	52.634591	81.000000	78.000000
52.455580	52.637582	48.000000	58.000000
52.731580	52.811577	70.000000	61.000000
52.731580	52.815573	76.000000	61.000000
52.735589	52.816579	81.000000	73.000000
52.735589	52.816579	59.000000	58.000000
52.818577	53.186563	70.000000	63.000000
52.819570	53.187569	76.000000	63.000000
52.819570	53.187569	81.000000	76.000000
52.822574	53.091573	60.000000	63.000000
53.092565	53.188561	62.000000	58.000000
53.189567	53.564567	70.000000	60.000000
53.190559	53.565573	76.000000	60.000000
53.190559	53.565573	79.000000	72.000000
53.190559	53.565573	60.000000	62.000000
53.567571	53.752577	75.000000	58.000000
53.568563	53.753569	69.000000	58.000000
53.568563	53.753569	79.000000	70.000000
53.568563	53.756573	53.000000	52.000000
53.851564	53.939567	69.000000	52.000000
53.854568	53.939567	75.000000	52.000000
53.855573	53.940573	79.000000	62.000000
53.855573	53.942571	59.000000	46.000000
53.942571	54.317557	69.000000	54.000000
53.946567	54.317557	75.000000	54.000000
53.946567	54.318563	79.000000	64.000000
53.947573	54.218557	60.000000	54.000000
54.222567	54.320561	64.000000	45.000000
54.320561	54.712553	69.000000	46.000000
54.324558	54.712553	75.000000	46.000000
54.324558	54.712553	77.000000	56.000000
54.325564	54.716550	65.000000	47.000000
54.716550	54.978548	74.000000	61.000000
54.716550	55.065559	46.000000	44.000000
54.978548	55.066551	74.000000	58.000000
55.066551	55.419557	65.000000	45.000000
55.069555	55.420550	70.000000	45.000000
55.070548	55.420550	75.000000	62.000000
55.070548	55.422548	62.000000	40.000000
55.070548	55.423554	58.000000	33.000000
55.072546	55.423554	53.000000	33.000000
55.426558	55.804548	65.000000	46.000000
55.427550	55.805554	70.000000	46.000000
55.429548	55.805554	76.000000	55.000000
55.430554	55.806546	53.000000	34.000000
55.430554	55.807552	62.000000	41.000000
55.430554	55.808558	58.000000	34.000000
55.808558	56.063556	78.000000	64.000000
55.811549	56.150553	45.000000	46.000000
56.067552	56.151559	77.000000	60.000000
56.151559	56.420545	65.000000	53.000000
56.154550	56.504552	72.000000	64.000000
56.155556	56.505557	63.000000	43.000000
56.155556	56.507556	60.000000	35.000000
56.157554	56.507556	53.000000	35.000000
56.421551	56.508548	66.000000	47.000000
56.511552	56.889556	65.000000	48.000000
56.512545	56.889556	72.000000	57.000000
56.512545	56.890549	63.000000	44.000000
56.514556	56.890549	60.000000	36.000000
56.514556	56.893553	53.000000	36.000000
56.893553	57.148550	73.000000	68.000000
56.894545	57.236554	46.000000	49.000000
57.149556	57.236554	73.000000	64.000000
57.239558	57.589559	65.000000	50.000000
57.240550	57.593556	70.000000	50.000000
57.243554	57.593556	75.000000	69.000000
57.243554	57.594548	61.000000	45.000000
57.244547	57.596547	58.000000	37.000000
57.244547	57.596547	53.000000	37.000000
57.597552	57.957545	65.000000	50.000000
57.600543	57.957545	70.000000	50.000000
57.600543	57.958551	76.000000	60.000000
57.600543	57.960549	53.000000	37.000000
57.601549	57.960549	61.000000	45.000000
57.603547	57.960549	58.000000	37.000000
57.961542	58.223540	78.000000	74.000000
57.964546	58.310551	44.000000	53.000000
58.223540	58.311544	77.000000	72.000000
58.313542	58.681541	73.000000	62.000000
58.314548	58.684532	68.000000	62.000000
58.314548	58.685538	80.000000	75.000000
58.317538	58.586537	53.000000	46.000000
58.318544	58.590534	56.000000	46.000000
58.318544	58.590534	65.000000	54.000000
58.319537	58.594530	61.000000	46.000000
58.594530	58.685538	46.000000	54.000000
58.688528	59.069536	73.000000	73.000000
58.689534	59.070529	85.000000	89.000000
58.689534	59.073533	44.000000	67.000000
59.074539	59.255534	72.000000	80.000000
59.076537	59.259531	66.000000	80.000000
59.077529	59.259531	78.000000	94.000000
59.077529	59.437536	32.000000	70.000000
59.349532	59.437536	66.000000	75.000000
59.350538	59.438541	72.000000	75.000000
59.353542	59.441546	78.000000	90.000000
59.441546	59.801538	66.000000	79.000000
59.442538	59.805535	72.000000	79.000000
59.444536	59.805535	78.000000	93.000000
59.444536	59.806527	63.000000	70.000000
59.445542	59.806527	56.000000	60.000000
59.808539	60.176525	66.000000	75.000000
59.809531	60.176525	72.000000	75.000000
59.812536	60.176525	78.000000	90.000000
60.177531	60.357534	73.000000	79.000000
60.179529	60.358526	66.000000	79.000000
60.179529	60.361530	78.000000	93.000000
60.179529	60.364521	37.000000	69.000000
60.452524	60.539535	66.000000	73.000000
60.452524	60.540528	73.000000	73.000000
60.453530	60.543532	78.000000	88.000000
60.456534	60.543532	55.000000	73.000000
60.543532	60.910539	66.000000	77.000000
60.547528	60.911545	73.000000	77.000000
60.547528	60.911545	78.000000	91.000000
60.547528	60.820537	56.000000	77.000000
60.820537	60.914535	58.000000	72.000000
60.915541	61.281542	65.000000	73.000000
60.917539	61.282548	73.000000	73.000000
60.918532	61.285539	77.000000	88.000000
60.918532	61.286544	56.000000	75.000000
61.286544	61.467540	72.000000	67.000000
61.289535	61.471550	66.000000	67.000000
61.289535	61.471550	77.000000	81.000000
61.289535	61.471550	44.000000	60.000000
61.561552	61.649555	66.000000	63.000000
61.562544	61.650547	72.000000	63.000000
61.562544	61.650547	77.000000	76.000000
61.565548	61.652546	55.000000	60.000000
61.653551	62.013544	66.000000	59.000000
61.653551	62.016548	72.000000	65.000000
61.656542	62.017541	77.000000	77.000000
61.657548	61.925541	56.000000	65.000000
61.926547	62.017541	57.000000	63.000000
62.017541	62.395545	66.000000	63.000000
62.020545	62.398549	72.000000	63.000000
62.021537	62.399541	75.000000	74.000000
62.021537	62.402545	56.000000	64.000000
62.402545	62.587537	66.000000	59.000000
62.403538	62.590541	75.000000	72.000000
62.403538	62.591547	49.000000	53.000000
62.682541	62.769552	66.000000	53.000000
62.682541	62.769552	68.000000	53.000000
62.685545	62.770545	75.000000	63.000000
62.686538	62.773549	55.000000	46.000000
62.773549	63.146550	66.000000	55.000000
62.773549	63.539548	68.000000	55.000000
62.776539	63.147556	75.000000	65.000000
62.776539	63.053545	56.000000	55.000000
63.053545	63.147556	60.000000	45.000000
63.148549	63.542539	65.000000	46.000000
63.151553	63.543544	73.000000	56.000000
63.151553	63.543544	61.000000	47.000000
63.546548	63.637542	68.000000	66.000000
63.547541	63.640547	74.000000	78.000000
63.549539	63.686533	41.000000	51.000000
63.640547	63.732546	62.000000	70.000000
63.732546	64.536539	68.000000	59.000000
63.735550	64.179550	74.000000	70.000000
63.829548	64.180543	62.000000	82.000000
63.830541	64.180543	59.000000	44.000000
63.833545	64.183547	53.000000	37.000000
64.184539	64.541541	62.000000	70.000000
64.184539	64.543540	74.000000	76.000000
64.186537	64.543540	53.000000	37.000000
64.187543	64.544545	59.000000	44.000000
64.544545	64.645531	69.000000	66.000000
64.547536	64.645531	74.000000	78.000000
64.547536	64.698545	42.000000	51.000000
64.646536	64.742533	62.000000	70.000000
64.743539	65.565529	69.000000	59.000000
64.743539	65.377519	74.000000	70.000000
64.844537	65.377519	62.000000	82.000000
64.848534	65.180524	57.000000	44.000000
64.849526	65.185527	54.000000	37.000000
65.187525	65.566521	54.000000	37.000000
65.188517	65.569525	57.000000	44.000000
65.378525	65.569525	61.000000	68.000000
65.380523	65.570518	73.000000	73.000000
65.572516	65.660519	68.000000	66.000000
65.573522	65.660519	74.000000	78.000000
65.573522	65.713533	41.000000	51.000000
65.661525	65.758527	62.000000	70.000000
65.759520	66.549525	68.000000	59.000000
65.759520	66.195527	74.000000	70.000000
65.849521	66.196532	62.000000	82.000000
65.850527	66.196532	59.000000	44.000000
65.852525	66.196532	53.000000	37.000000
66.199523	66.550531	62.000000	70.000000
66.200529	66.550531	74.000000	76.000000
66.200529	66.550531	53.000000	37.000000
66.200529	66.552529	59.000000	44.000000
66.552529	66.647533	69.000000	66.000000
66.553521	66.647533	74.000000	78.000000
66.553521	66.700533	42.000000	51.000000
66.648525	66.749537	62.000000	70.000000
66.753534	67.547522	69.000000	59.000000
66.753534	67.365534	74.000000	70.000000
66.846539	67.368538	62.000000	82.000000
66.850536	67.193537	57.000000	44.000000
66.853540	67.194543	54.000000	37.000000
67.194543	67.548528	54.000000	37.000000
67.195535	67.548528	57.000000	44.000000
67.368538	67.550526	61.000000	68.000000
67.372534	67.550526	73.000000	73.000000
67.551518	67.645516	68.000000	66.000000
67.554522	67.645516	74.000000	78.000000
67.555515	67.694534	40.000000	51.000000
67.646522	67.739528	62.000000	70.000000
67.740520	68.537526	68.000000	59.000000
67.740520	68.176527	74.000000	70.000000
67.830522	68.180523	62.000000	82.000000
67.830522	68.181529	59.000000	44.000000
67.831528	68.184520	52.000000	37.000000
68.185526	68.541522	62.000000	70.000000
68.185526	68.541522	74.000000	76.000000
68.185526	68.541522	52.000000	37.000000
68.187524	68.544526	59.000000	44.000000
68.545519	68.646517	69.000000	66.000000
68.545519	68.646517	74.000000	78.000000
68.548523	68.691511	45.000000	51.000000
68.647523	68.743520	62.000000	70.000000
68.744512	69.535509	69.000000	59.000000
68.744512	69.359516	74.000000	70.000000
68.842520	69.360508	62.000000	82.000000
68.842520	69.181525	57.000000	44.000000
68.843512	69.181525	52.000000	37.000000
69.185521	69.538500	52.000000	37.000000
69.188512	69.542496	57.000000	44.000000
69.360508	69.542496	61.000000	68.000000
69.363513	69.543502	73.000000	73.000000
69.543502	69.647505	68.000000	66.000000
69.545501	69.651502	74.000000	78.000000
69.545501	69.702504	40.000000	51.000000
69.651502	69.751508	62.000000	70.000000
69.752514	70.581504	68.000000	59.000000
69.755504	70.196513	74.000000	70.000000
69.857509	70.196513	62.000000	82.000000
69.857509	70.197506	59.000000	44.000000
69.858501	70.197506	52.000000	37.000000
70.200510	70.581504	62.000000	70.000000
70.200510	70.585501	74.000000	76.000000
70.201502	70.585501	52.000000	37.000000
70.201502	70.588505	59.000000	44.000000
70.588505	70.693500	69.000000	66.000000
70.589511	70.694506	74.000000	78.000000
70.592502	70.749505	45.000000	51.000000
70.694506	70.809506	62.000000	70.000000
70.809506	71.690491	69.000000	59.000000
70.810512	71.495495	74.000000	70.000000
70.924492	71.495495	62.000000	82.000000
70.924492	71.295509	57.000000	44.000000
70.924492	71.296501	52.000000	37.000000
71.299505	71.691497	52.000000	37.000000
71.299505	71.691497	57.000000	44.000000
71.496500	71.694501	61.000000	68.000000
71.496500	71.695494	73.000000	73.000000
71.695494	71.799496	68.000000	66.000000
71.697492	71.799496	74.000000	78.000000
71.698498	71.855501	41.000000	51.000000
71.803493	71.912498	62.000000	70.000000
71.912498	72.744493	68.000000	59.000000
71.915502	72.362492	74.000000	70.000000
72.023488	72.366489	62.000000	82.000000
72.024494	72.367495	59.000000	44.000000
72.024494	72.367495	53.000000	37.000000
72.369493	72.748489	62.000000	70.000000
72.370499	72.751493	74.000000	76.000000
72.370499	72.751493	53.000000	37.000000
72.373489	72.752499	59.000000	44.000000
72.752499	72.856489	69.000000	66.000000
72.755490	72.860485	74.000000	78.000000
72.755490	72.909489	42.000000	51.000000
72.860485	72.961497	62.000000	70.000000
72.962503	73.773483	69.000000	59.000000
72.964501	73.594485	74.000000	70.000000
73.073493	73.598482	62.000000	82.000000
73.073493	73.409480	57.000000	44.000000
73.074499	73.409480	54.000000	37.000000
73.413490	73.773483	54.000000	37.000000
73.413490	73.777479	57.000000	44.000000
73.599488	73.777479	61.000000	68.000000
73.599488	73.780483	73.000000	73.000000
73.780483	73.878478	68.000000	66.000000
73.781476	73.882474	74.000000	78.000000
73.781476	73.927468	41.000000	51.000000
73.882474	73.976472	62.000000	70.000000
73.979477	74.788472	68.000000	59.000000
73.980469	74.417482	74.000000	70.000000
74.081468	74.417482	62.000000	82.000000
74.081468	74.421478	59.000000	44.000000
74.085464	74.421478	53.000000	37.000000
74.424469	74.792468	62.000000	70.000000
74.425475	74.795472	74.000000	76.000000
74.425475	74.795472	53.000000	37.000000
74.428479	74.795472	59.000000	44.000000
74.796465	74.900467	69.000000	66.000000
74.799469	74.904464	74.000000	78.000000
74.799469	74.952449	42.000000	51.000000
74.904464	75.009459	62.000000	70.000000
75.009459	75.852464	69.000000	59.000000
75.012450	75.670463	74.000000	70.000000
75.121468	75.670463	62.000000	82.000000
75.121468	75.481461	57.000000	44.000000
75.124459	75.482453	54.000000	37.000000
75.485457	75.856461	54.000000	37.000000
75.485457	75.856461	57.000000	44.000000
75.671455	75.856461	61.000000	68.000000
75.671455	75.859465	73.000000	73.000000
75.860457	75.957459	68.000000	66.000000
75.860457	75.958465	74.000000	78.000000
75.861463	76.010460	40.000000	51.000000
75.961456	76.062468	62.000000	70.000000
76.062468	76.863470	68.000000	59.000000
76.063474	76.510464	74.000000	70.000000
76.167463	76.511470	62.000000	82.000000
76.168469	76.511470	59.000000	44.000000
76.168469	76.513468	52.000000	37.000000
76.514474	76.864462	62.000000	70.000000
76.514474	76.864462	74.000000	76.000000
76.515467	76.867467	52.000000	37.000000
76.517465	76.868472	59.000000	44.000000
76.868472	76.972462	69.000000	66.000000
76.870471	76.972462	74.000000	78.000000
76.871463	77.025462	45.000000	51.000000
76.976458	77.077470	62.000000	70.000000
77.077470	77.921468	69.000000	59.000000
77.081467	77.728470	74.000000	70.000000
77.189466	77.728470	62.000000	82.000000
77.190458	77.535471	57.000000	44.000000
77.190458	77.536464	52.000000	37.000000
77.536464	77.922460	52.000000	37.000000
77.540460	77.922460	57.000000	44.000000
77.729462	77.924459	61.000000	68.000000
77.732466	77.925465	73.000000	73.000000
77.925465	78.029467	68.000000	66.000000
77.926470	78.029467	74.000000	78.000000
77.928469	78.082468	40.000000	51.000000
78.033464	78.141463	62.000000	70.000000
78.142469	78.988465	68.000000	58.000000
78.142469	78.603460	74.000000	69.000000
78.250468	78.603460	62.000000	80.000000
78.250468	78.607457	59.000000	43.000000
78.251460	78.610461	52.000000	36.000000
78.610461	78.988465	62.000000	66.000000
78.611453	78.989457	74.000000	72.000000
78.611453	78.992461	52.000000	35.000000
78.614457	78.992461	59.000000	41.000000
78.992461	79.103451	67.000000	61.000000
78.995452	79.104457	74.000000	72.000000
78.995452	79.163452	45.000000	47.000000
79.104457	79.219457	62.000000	64.000000
79.223453	80.125454	67.000000	53.000000
79.224459	79.916443	74.000000	63.000000
79.335449	79.713453	62.000000	73.000000
79.335449	79.717450	64.000000	39.000000
79.338453	79.717450	57.000000	33.000000
79.717450	80.126446	61.000000	59.000000
79.720454	80.126446	57.000000	32.000000
79.720454	80.129451	64.000000	38.000000
79.917449	80.130443	73.000000	63.000000
80.130443	80.294447	69.000000	68.000000
80.133447	80.294447	50.000000	59.000000
80.295453	80.461441	73.000000	70.000000
80.462447	80.619450	74.000000	71.000000
80.465438	80.776440	66.000000	60.000000
80.466444	80.777446	50.000000	52.000000
80.466444	80.777446	57.000000	52.000000
80.466444	80.780450	62.000000	52.000000
80.619450	80.781442	76.000000	71.000000
80.781442	80.931445	78.000000	72.000000
80.781442	81.105440	66.000000	61.000000
80.783441	81.106446	50.000000	52.000000
80.784446	81.106446	57.000000	52.000000
80.784446	81.109436	62.000000	52.000000
80.934449	81.018456	79.000000	73.000000
81.022452	81.067446	78.000000	70.000000
81.068439	81.110442	79.000000	68.000000
81.110442	81.420439	78.000000	76.000000
81.112441	81.263436	45.000000	59.000000
81.421445	81.721450	67.000000	62.000000
81.421445	81.571447	76.000000	74.000000
81.424435	81.722456	52.000000	54.000000
81.425441	81.722456	57.000000	54.000000
81.425441	81.725446	61.000000	54.000000
81.571447	81.726452	74.000000	74.000000
81.726452	82.029448	67.000000	62.000000
81.729443	81.872445	73.000000	73.000000
81.729443	82.030441	52.000000	54.000000
81.730449	82.030441	57.000000	54.000000
81.733439	82.033445	61.000000	54.000000
81.873437	82.034437	71.000000	72.000000
82.034437	82.173429	69.000000	74.000000
82.037441	82.174435	38.000000	59.000000
82.177439	82.327442	74.000000	70.000000
82.328434	82.645431	66.000000	62.000000
82.329440	82.428440	74.000000	74.000000
82.331438	82.646437	50.000000	54.000000
82.331438	82.646437	57.000000	54.000000
82.331438	82.649441	62.000000	54.000000
82.429433	82.541442	76.000000	70.000000
82.541442	82.650434	74.000000	70.000000
82.650434	82.951431	66.000000	59.000000
82.653438	82.796426	73.000000	70.000000
82.653438	82.954422	50.000000	54.000000
82.653438	82.954422	57.000000	54.000000
82.654430	82.958432	62.000000	54.000000
82.797432	82.958432	71.000000	70.000000
82.958432	83.944426	73.000000	73.000000
82.961423	83.108435	45.000000	59.000000
83.266430	83.598421	64.000000	44.000000
83.266430	83.598421	69.000000	53.000000
83.269434	83.599427	57.000000	43.000000
83.601425	83.948422	67.000000	57.000000
83.602431	83.948422	69.000000	68.000000
83.602431	83.949428	57.000000	56.000000
83.603423	83.949428	64.000000	56.000000
83.952419	84.102435	69.000000	74.000000
83.952419	84.103427	50.000000	59.000000
84.103427	84.252438	73.000000	70.000000
84.253430	84.396419	74.000000	71.000000
84.255428	84.550431	66.000000	60.000000
84.256434	84.550431	57.000000	52.000000
84.256434	84.551424	62.000000	52.000000
84.399423	84.554428	76.000000	71.000000
84.554428	84.700434	78.000000	72.000000
84.555420	84.869427	66.000000	61.000000
84.557418	84.869427	50.000000	52.000000
84.557418	84.870432	57.000000	52.000000
84.557418	84.872431	62.000000	52.000000
84.701426	84.781437	79.000000	73.000000
84.782443	84.823440	78.000000	70.000000
84.823440	84.872431	79.000000	68.000000
84.872431	85.176432	78.000000	76.000000
84.876427	85.018437	43.000000	59.000000
85.176432	85.470430	67.000000	62.000000
85.177438	85.319421	76.000000	74.000000
85.180429	85.474426	59.000000	54.000000
85.180429	85.474426	64.000000	54.000000
85.324423	85.475432	74.000000	74.000000
85.477430	85.768423	67.000000	62.000000
85.478423	85.617428	73.000000	73.000000
85.478423	85.768423	52.000000	54.000000
85.481427	85.771427	59.000000	54.000000
85.481427	85.771427	64.000000	54.000000
85.618421	85.772420	71.000000	72.000000
85.772420	85.914416	69.000000	74.000000
85.775424	85.915422	45.000000	59.000000
85.915422	86.058410	73.000000	70.000000
86.059416	86.370405	67.000000	62.000000
86.059416	86.160401	73.000000	74.000000
86.062407	86.373396	57.000000	54.000000
86.062407	86.374402	64.000000	54.000000
86.164411	86.268401	74.000000	70.000000
86.269407	86.377392	73.000000	70.000000
86.377392	86.678390	67.000000	59.000000
86.378398	86.521387	71.000000	70.000000
86.378398	86.681394	57.000000	54.000000
86.380396	86.682386	64.000000	54.000000
86.524391	86.685391	69.000000	70.000000
86.685391	87.679391	74.000000	73.000000
86.686383	86.829398	38.000000	59.000000
86.993389	87.318392	66.000000	53.000000
86.994395	87.319385	50.000000	36.000000
86.996393	87.319385	57.000000	36.000000
86.997385	87.322389	62.000000	43.000000
87.322389	87.980389	66.000000	47.000000
87.323395	87.981395	50.000000	39.000000
87.325393	87.981395	57.000000	39.000000
87.326385	87.983393	62.000000	39.000000
87.680383	87.826390	69.000000	40.000000
87.830386	87.983393	73.000000	39.000000
87.984385	88.127387	74.000000	39.000000
87.987389	88.270376	66.000000	33.000000
87.988395	88.271382	50.000000	28.000000
87.988395	88.271382	57.000000	28.000000
87.990393	88.274372	62.000000	28.000000
88.127387	88.275378	76.000000	39.000000
88.275378	88.421384	78.000000	40.000000
88.277377	88.596372	66.000000	33.000000
88.278369	88.597378	50.000000	28.000000
88.278369	88.597378	57.000000	28.000000
88.278369	88.599376	62.000000	28.000000
88.421384	88.508382	79.000000	40.000000
88.509388	88.550385	78.000000	39.000000
88.551378	88.600368	79.000000	37.000000
88.600368	88.903378	78.000000	42.000000
88.604378	88.747380	45.000000	32.000000
88.904384	89.204389	67.000000	34.000000
88.904384	89.054386	76.000000	40.000000
88.905376	89.205395	52.000000	29.000000
88.907374	89.208385	57.000000	29.000000
88.908380	89.209391	61.000000	29.000000
89.054386	89.209391	74.000000	40.000000
89.209391	89.498386	67.000000	34.000000
89.211389	89.355397	73.000000	40.000000
89.212382	89.499392	52.000000	29.000000
89.212382	89.503388	57.000000	29.000000
89.212382	89.503388	61.000000	29.000000
89.355397	89.506379	71.000000	40.000000
89.506379	89.653391	69.000000	40.000000
89.506379	89.653391	38.000000	32.000000
89.654383	89.797399	74.000000	39.000000
89.797399	90.115375	66.000000	34.000000
89.800389	89.901388	74.000000	40.000000
89.800389	90.115375	50.000000	29.000000
89.800389	90.119385	57.000000	29.000000
89.801395	90.119385	62.000000	29.000000
89.902394	90.010380	76.000000	39.000000
90.013384	90.121383	74.000000	39.000000
90.122375	90.423387	66.000000	32.000000
90.122375	90.269387	73.000000	39.000000
90.126372	90.423387	50.000000	29.000000
90.126372	90.427383	57.000000	29.000000
90.126372	90.427383	62.000000	29.000000
90.270380	90.427383	71.000000	39.000000
90.430387	91.444370	73.000000	40.000000
90.430387	90.584386	45.000000	32.000000
90.752387	91.084377	64.000000	24.000000
90.756383	91.088374	69.000000	29.000000
90.759374	91.088374	61.000000	24.000000
90.759374	91.088374	57.000000	24.000000
91.092370	91.445376	67.000000	31.000000
91.092370	91.448367	69.000000	37.000000
91.093376	91.742364	57.000000	31.000000
91.094368	91.449372	64.000000	31.000000
91.449372	91.599375	69.000000	40.000000
91.452363	91.743370	50.000000	32.000000
91.600367	91.743370	73.000000	39.000000
91.745368	91.893372	74.000000	39.000000
91.746360	92.037380	66.000000	33.000000
91.746360	92.040371	57.000000	28.000000
91.747366	92.040371	62.000000	28.000000
91.894365	92.040371	76.000000	39.000000
92.044381	92.187369	78.000000	40.000000
92.044381	92.362370	66.000000	33.000000
92.044381	92.366367	50.000000	28.000000
92.046379	92.366367	57.000000	28.000000
92.047371	92.367372	62.000000	28.000000
92.188362	92.274367	79.000000	40.000000
92.278363	92.324377	78.000000	39.000000
92.324377	92.369371	79.000000	37.000000
92.369371	92.677382	78.000000	42.000000
92.370377	92.519373	43.000000	32.000000
92.677382	92.971379	67.000000	34.000000
92.677382	92.820371	76.000000	40.000000
92.681379	92.971379	59.000000	29.000000
92.681379	92.975376	64.000000	29.000000
92.824368	92.975376	74.000000	40.000000
92.978367	93.272377	67.000000	34.000000
92.978367	93.125379	73.000000	40.000000
92.979372	93.275381	52.000000	29.000000
92.979372	93.276374	59.000000	29.000000
92.982363	93.279378	64.000000	29.000000
93.126371	93.279378	71.000000	40.000000
93.279378	93.418370	69.000000	40.000000
93.280384	93.419376	45.000000	32.000000
93.422366	93.569378	73.000000	39.000000
93.570371	93.884364	67.000000	34.000000
93.573375	93.675366	73.000000	40.000000
93.573375	93.884364	57.000000	29.000000
93.574381	93.885370	64.000000	29.000000
93.675366	93.779369	74.000000	39.000000
93.780374	93.888360	73.000000	39.000000
93.888360	94.196372	67.000000	32.000000
93.889366	94.039369	71.000000	39.000000
93.889366	94.199363	57.000000	29.000000
93.891364	94.199363	64.000000	29.000000
94.042359	94.200368	69.000000	39.000000
94.203359	95.190346	74.000000	40.000000
94.203359	94.354354	38.000000	32.000000
94.514361	94.840357	66.000000	29.000000
94.515354	94.843348	50.000000	20.000000
94.518358	94.844354	57.000000	20.000000
94.519350	94.847345	62.000000	24.000000
94.847345	95.190346	66.000000	37.000000
94.848350	95.191351	50.000000	31.000000
94.848350	95.193350	57.000000	31.000000
94.850349	95.193350	62.000000	31.000000
95.194356	95.334340	64.000000	73.000000
95.197346	95.334340	45.000000	59.000000
95.337344	95.480333	68.000000	70.000000
95.481339	95.624327	69.000000	71.000000
95.481339	95.771339	61.000000	60.000000
95.484329	95.772332	45.000000	52.000000
95.484329	95.774330	52.000000	52.000000
95.485335	95.775336	57.000000	52.000000
95.628324	95.775336	71.000000	71.000000
95.775336	95.915334	73.000000	72.000000
95.778326	96.082328	61.000000	61.000000
95.778326	96.083321	45.000000	52.000000
95.779332	96.086325	52.000000	52.000000
95.779332	96.087317	57.000000	52.000000
95.915334	96.001339	74.000000	73.000000
96.002331	96.044335	73.000000	70.000000
96.045327	96.089329	74.000000	68.000000
96.090321	96.387336	73.000000	76.000000
96.090321	96.237333	40.000000	59.000000
96.388328	96.673313	62.000000	62.000000
96.388328	96.531330	71.000000	74.000000
96.390326	96.678315	52.000000	54.000000
96.391332	96.678315	59.000000	54.000000
96.531330	96.678315	69.000000	74.000000
96.680314	96.971320	62.000000	62.000000
96.681320	96.821304	68.000000	73.000000
96.681320	96.972313	52.000000	54.000000
96.684310	96.972313	59.000000	54.000000
96.822310	96.975317	66.000000	72.000000
96.975317	97.118319	64.000000	74.000000
96.978307	97.119325	33.000000	59.000000
97.119325	97.259309	69.000000	70.000000
97.259309	97.570298	61.000000	62.000000
97.260315	97.360308	69.000000	74.000000
97.260315	97.570298	45.000000	54.000000
97.261307	97.570298	52.000000	54.000000
97.262313	97.574308	57.000000	54.000000
97.363312	97.465303	71.000000	70.000000
97.465303	97.574308	69.000000	70.000000
97.574308	97.871296	61.000000	59.000000
97.577299	97.720301	68.000000	70.000000
97.577299	97.871296	45.000000	54.000000
97.577299	97.872302	52.000000	54.000000
97.578304	97.875292	57.000000	54.000000
97.721293	97.875292	66.000000	70.000000
97.878296	98.858296	68.000000	73.000000
97.878296	98.028299	40.000000	59.000000
98.186295	98.512290	59.000000	44.000000
98.186295	98.512290	64.000000	53.000000
98.187300	98.515295	52.000000	43.000000
98.515295	98.862292	62.000000	57.000000
98.516300	98.862292	64.000000	68.000000
98.516300	98.862292	52.000000	56.000000
98.516300	98.863298	59.000000	56.000000
98.865296	99.008298	64.000000	74.000000
98.865296	99.009304	45.000000	59.000000
99.012295	99.156303	68.000000	70.000000
99.156303	99.299305	69.000000	71.000000
99.157309	99.446303	61.000000	60.000000
99.159307	99.446303	52.000000	52.000000
99.159307	99.447309	57.000000	52.000000
99.300297	99.447309	71.000000	71.000000
99.450300	99.589305	73.000000	72.000000
99.450300	99.754302	61.000000	61.000000
99.451306	99.755294	45.000000	52.000000
99.453304	99.755294	52.000000	52.000000
99.453304	99.755294	57.000000	52.000000
99.590298	99.670308	74.000000	73.000000
99.673299	99.712298	73.000000	70.000000
99.713304	99.757292	74.000000	68.000000
99.757292	100.058303	73.000000	76.000000
99.758298	99.907295	38.000000	59.000000
100.058303	100.352300	62.000000	62.000000
100.062300	100.205302	71.000000	74.000000
100.062300	100.353306	54.000000	54.000000
100.065304	100.353306	59.000000	54.000000
100.206294	100.353306	69.000000	74.000000
100.356297	100.646298	62.000000	62.000000
100.357303	100.496295	68.000000	73.000000
100.357303	100.647303	47.000000	54.000000
100.357303	100.650294	54.000000	54.000000
100.359301	100.650294	59.000000	54.000000
100.496295	100.651300	66.000000	72.000000
100.653298	100.787288	64.000000	74.000000
100.654291	100.787288	40.000000	59.000000
100.788294	100.930290	68.000000	70.000000
100.933281	101.238275	62.000000	62.000000
100.934287	101.035285	68.000000	74.000000
100.934287	101.239281	52.000000	54.000000
100.934287	101.241279	59.000000	54.000000
101.035285	101.140280	69.000000	70.000000
101.140280	101.242271	68.000000	70.000000
101.242271	101.546287	62.000000	59.000000
101.245275	101.396271	66.000000	70.000000
101.246268	101.549277	52.000000	54.000000
101.246268	101.550283	59.000000	54.000000
101.396271	101.550283	64.000000	70.000000
101.550283	102.533286	69.000000	73.000000
101.554280	101.704282	33.000000	59.000000
101.864276	102.190272	61.000000	53.000000
101.865282	102.193276	45.000000	36.000000
101.868286	102.194282	52.000000	36.000000
101.869278	102.194282	57.000000	43.000000
102.194282	102.833292	61.000000	47.000000
102.198278	102.837288	45.000000	39.000000
102.198278	102.838294	52.000000	39.000000
102.198278	102.838294	57.000000	39.000000
102.534279	102.684282	64.000000	40.000000
102.684282	102.838294	68.000000	39.000000
102.842291	102.984273	69.000000	39.000000
102.842291	103.131285	61.000000	33.000000
102.842291	103.132291	45.000000	28.000000
102.844289	103.132291	52.000000	28.000000
102.845281	103.135282	57.000000	28.000000
102.984273	103.135282	71.000000	39.000000
103.135282	103.282280	73.000000	40.000000
103.139278	103.449275	61.000000	33.000000
103.139278	103.453271	45.000000	28.000000
103.139278	103.454264	52.000000	28.000000
103.140284	103.454264	57.000000	28.000000
103.283273	103.370284	74.000000	40.000000
103.370284	103.408277	73.000000	39.000000
103.412274	103.455270	74.000000	37.000000
103.456275	103.762275	73.000000	42.000000
103.457268	103.607271	40.000000	32.000000
103.764274	104.059290	62.000000	34.000000
103.765280	103.915282	71.000000	40.000000
103.768270	104.059290	52.000000	29.000000
103.769276	104.059290	59.000000	29.000000
103.916275	104.063287	69.000000	40.000000
104.063287	104.360288	62.000000	34.000000
104.065285	104.209293	68.000000	40.000000
104.066277	104.364284	52.000000	29.000000
104.066277	104.364284	59.000000	29.000000
104.213289	104.364284	66.000000	40.000000
104.367288	104.514300	64.000000	40.000000
104.367288	104.515293	33.000000	32.000000
104.515293	104.658281	69.000000	39.000000
104.658281	104.976271	61.000000	34.000000
104.659287	104.762284	69.000000	40.000000
104.661285	104.980267	45.000000	29.000000
104.661285	104.980267	52.000000	29.000000
104.661285	104.980267	57.000000	29.000000
104.763277	104.867279	71.000000	39.000000
104.868285	104.983271	69.000000	39.000000
104.983271	105.284269	61.000000	32.000000
104.984264	105.130257	68.000000	39.000000
104.987268	105.288266	45.000000	29.000000
104.987268	105.288266	52.000000	29.000000
104.987268	105.289258	57.000000	29.000000
105.131262	105.289258	66.000000	39.000000
105.291256	106.296267	68.000000	40.000000
105.291256	105.448260	40.000000	32.000000
105.603264	105.946266	59.000000	24.000000
105.603264	105.949270	64.000000	29.000000
105.606269	105.949270	52.000000	24.000000
105.950262	106.296267	62.000000	31.000000
105.953266	106.297273	64.000000	37.000000
105.953266	106.604279	52.000000	31.000000
105.953266	106.299271	59.000000	31.000000
106.299271	106.449274	64.000000	40.000000
106.300264	106.604279	45.000000	32.000000
106.453270	106.605271	68.000000	39.000000
106.605271	106.754282	69.000000	39.000000
106.607270	106.905277	61.000000	33.000000
106.607270	106.905277	52.000000	28.000000
106.608275	106.908281	57.000000	28.000000
106.755274	106.908281	71.000000	39.000000
106.908281	107.063286	73.000000	40.000000
106.909273	107.223266	61.000000	33.000000
106.912277	107.223266	45.000000	28.000000
106.912277	107.224272	52.000000	28.000000
106.912277	107.227263	57.000000	28.000000
107.063286	107.142277	74.000000	40.000000
107.143269	107.184267	73.000000	39.000000
107.185273	107.227263	74.000000	37.000000
107.228268	107.538265	73.000000	42.000000
107.230267	107.380269	38.000000	32.000000
107.538265	107.846277	62.000000	34.000000
107.539271	107.691272	71.000000	40.000000
107.542261	107.847269	54.000000	29.000000
107.542261	107.847269	59.000000	29.000000
107.695268	107.849267	69.000000	40.000000
107.849267	108.150265	62.000000	34.000000
107.850273	107.992269	68.000000	40.000000
107.850273	108.150265	47.000000	29.000000
107.853277	108.154261	54.000000	29.000000
107.853277	108.154261	59.000000	29.000000
107.997258	108.157266	66.000000	40.000000
108.157266	108.298269	64.000000	40.000000
108.158258	108.298269	40.000000	32.000000
108.299275	108.448272	68.000000	39.000000
108.451276	108.777259	62.000000	34.000000
108.452269	108.560268	68.000000	40.000000
108.452269	108.781255	52.000000	29.000000
108.452269	108.781255	59.000000	29.000000
108.560268	108.668267	69.000000	39.000000
108.669259	108.784259	68.000000	39.000000
108.784259	109.092257	62.000000	32.000000
108.785252	108.935254	66.000000	39.000000
108.785252	109.093263	52.000000	29.000000
108.787250	109.095261	59.000000	29.000000
108.935254	109.096254	64.000000	39.000000
109.099258	110.265255	69.000000	40.000000
109.100250	109.260258	33.000000	32.000000
109.421257	109.764258	61.000000	37.000000
109.424248	109.767263	57.000000	25.000000
109.425254	109.767263	64.000000	30.000000
109.771259	110.114260	67.000000	73.000000
109.772251	110.115253	61.000000	73.000000
109.772251	110.117264	57.000000	60.000000
109.772251	110.118257	64.000000	60.000000
110.121261	110.411261	66.000000	78.000000
110.121261	110.265255	50.000000	67.000000
110.268246	110.412254	73.000000	80.000000
110.412254	110.555242	74.000000	81.000000
110.412254	110.702254	66.000000	69.000000
110.415258	110.703247	50.000000	59.000000
110.416250	110.703247	57.000000	59.000000
110.416250	110.703247	62.000000	59.000000
110.555242	110.705258	76.000000	81.000000
110.706251	110.846249	78.000000	82.000000
110.706251	111.010226	66.000000	70.000000
110.709255	111.011232	50.000000	59.000000
110.710247	111.011232	57.000000	59.000000
110.710247	111.012224	62.000000	59.000000
110.846249	110.925240	79.000000	83.000000
110.926246	110.968236	78.000000	80.000000
110.969228	111.013230	79.000000	78.000000
111.013230	111.311237	78.000000	87.000000
111.014236	111.164238	45.000000	67.000000
111.312243	111.605234	67.000000	71.000000
111.312243	111.462245	76.000000	85.000000
111.314241	111.609231	52.000000	62.000000
111.315233	111.609231	57.000000	62.000000
111.315233	111.609231	61.000000	62.000000
111.462245	111.612235	74.000000	85.000000
111.613227	111.902235	67.000000	71.000000
111.613227	111.752233	73.000000	83.000000
111.615225	111.903228	52.000000	62.000000
111.616231	111.903228	57.000000	62.000000
111.616231	111.907224	61.000000	62.000000
111.752233	111.907224	71.000000	82.000000
111.907224	112.039229	69.000000	85.000000
111.910228	112.042220	38.000000	67.000000
112.046230	112.186214	74.000000	80.000000
112.186214	112.494213	66.000000	71.000000
112.190211	112.291209	74.000000	85.000000
112.190211	112.494213	50.000000	62.000000
112.191217	112.498209	57.000000	62.000000
112.193215	112.498209	62.000000	62.000000
112.292215	112.396205	76.000000	80.000000
112.396205	112.499215	74.000000	80.000000
112.499215	112.802211	66.000000	67.000000
112.501213	112.651216	73.000000	80.000000
112.501213	112.802211	50.000000	62.000000
112.502206	112.806207	57.000000	62.000000
112.505210	112.806207	62.000000	62.000000
112.652208	112.807213	71.000000	80.000000
112.807213	113.800194	73.000000	83.000000
112.809211	112.959201	45.000000	67.000000
113.114206	113.453197	64.000000	50.000000
113.117210	113.453197	69.000000	60.000000
113.117210	113.454189	57.000000	49.000000
113.457193	113.803199	67.000000	65.000000
113.457193	113.803199	69.000000	78.000000
113.457193	113.804191	57.000000	64.000000
113.458199	113.807195	64.000000	64.000000
113.807195	113.946201	69.000000	85.000000
113.808201	113.947206	50.000000	67.000000
113.947206	114.090195	73.000000	80.000000
114.090195	114.237194	74.000000	81.000000
114.094192	114.381175	66.000000	69.000000
114.094192	114.381175	57.000000	59.000000
114.095197	114.382181	62.000000	59.000000
114.238186	114.384179	76.000000	81.000000
114.384179	114.531177	78.000000	82.000000
114.388175	114.696160	66.000000	70.000000
114.388175	114.697153	50.000000	59.000000
114.389181	114.697153	57.000000	59.000000
114.389181	114.697153	62.000000	59.000000
114.535174	114.611161	79.000000	83.000000
114.615157	114.653164	78.000000	80.000000
114.657161	114.699151	79.000000	78.000000
114.699151	114.997158	78.000000	87.000000
114.700157	114.846163	43.000000	67.000000
114.997158	115.287158	67.000000	71.000000
114.998164	115.140160	76.000000	85.000000
115.000162	115.288164	59.000000	62.000000
115.000162	115.288164	64.000000	62.000000
115.140160	115.290163	74.000000	85.000000
115.290163	115.581142	67.000000	71.000000
115.291155	115.438153	73.000000	83.000000
115.294159	115.585139	52.000000	62.000000
115.295165	115.585139	59.000000	62.000000
115.295165	115.588143	64.000000	62.000000
115.438153	115.588143	71.000000	82.000000
115.589149	115.728141	69.000000	85.000000
115.589149	115.728141	45.000000	67.000000
115.732137	115.871129	73.000000	80.000000
115.875126	116.179128	67.000000	71.000000
115.876132	115.973134	73.000000	85.000000
115.876132	116.183124	57.000000	62.000000
115.878130	116.184117	64.000000	62.000000
115.973134	116.078129	74.000000	80.000000
116.078129	116.184117	73.000000	80.000000
116.186115	116.484108	67.000000	67.000000
116.187121	116.330109	71.000000	80.000000
116.187121	116.485114	57.000000	62.000000
116.190111	116.485114	64.000000	62.000000
116.330109	116.487112	69.000000	80.000000
116.488118	117.457107	74.000000	83.000000
116.488118	116.638121	38.000000	67.000000
116.795124	117.122112	66.000000	60.000000
116.799121	117.122112	50.000000	41.000000
116.800113	117.122112	57.000000	41.000000
116.800113	117.125117	62.000000	49.000000
117.125117	117.758118	66.000000	54.000000
117.125117	117.759111	50.000000	44.000000
117.128107	117.761109	57.000000	44.000000
117.129113	117.762115	62.000000	44.000000
117.458113	117.608116	69.000000	40.000000
117.611106	117.766111	73.000000	39.000000
117.766111	117.912104	74.000000	39.000000
117.766111	118.058110	66.000000	33.000000
117.768110	118.063112	50.000000	28.000000
117.769115	118.063112	57.000000	28.000000
117.769115	118.066103	62.000000	28.000000
117.912104	118.067109	76.000000	39.000000
118.067109	118.213102	78.000000	40.000000
118.069107	118.391093	66.000000	33.000000
118.070100	118.395090	50.000000	28.000000
118.070100	118.396082	57.000000	28.000000
118.071105	118.396082	62.000000	28.000000
118.214094	118.297109	79.000000	40.000000
118.301105	118.346099	78.000000	39.000000
118.346099	118.396082	79.000000	37.000000
118.398094	118.706092	78.000000	42.000000
118.399086	118.549089	45.000000	32.000000
118.707098	119.007103	67.000000	34.000000
118.707098	118.857100	76.000000	40.000000
118.711094	119.008096	52.000000	29.000000
118.711094	119.011100	57.000000	29.000000
118.711094	119.011100	61.000000	29.000000
118.858093	119.011100	74.000000	40.000000
119.012092	119.315101	67.000000	34.000000
119.015096	119.165099	73.000000	40.000000
119.015096	119.316107	52.000000	29.000000
119.015096	119.319098	57.000000	29.000000
119.016102	119.319098	61.000000	29.000000
119.166105	119.319098	71.000000	40.000000
119.320104	119.466096	69.000000	40.000000
119.323108	119.467089	38.000000	32.000000
119.469087	119.610104	74.000000	39.000000
119.610104	119.935081	66.000000	34.000000
119.613095	119.721094	74.000000	40.000000
119.613095	119.939077	50.000000	29.000000
119.617105	119.939077	57.000000	29.000000
119.617105	119.942082	62.000000	29.000000
119.722100	119.826089	76.000000	39.000000
119.827095	119.942082	74.000000	39.000000
119.943087	120.250080	66.000000	32.000000
119.943087	120.092071	73.000000	39.000000
119.946078	120.250080	50.000000	29.000000
119.946078	120.254076	57.000000	29.000000
119.947084	120.254076	62.000000	29.000000
120.093077	120.255069	71.000000	39.000000
120.255069	121.315065	73.000000	40.000000
120.257067	120.418067	45.000000	32.000000
120.586067	120.936069	64.000000	24.000000
120.586067	120.936069	69.000000	29.000000
120.590063	120.937061	61.000000	24.000000
120.590063	120.940065	57.000000	24.000000
120.940065	121.315065	67.000000	31.000000
120.941071	121.315065	69.000000	37.000000
120.941071	121.637064	57.000000	31.000000
120.943069	121.316071	64.000000	31.000000
121.318069	121.475072	69.000000	40.000000
121.318069	121.637064	50.000000	32.000000
121.476065	121.640068	73.000000	39.000000
121.640068	121.787054	74.000000	39.000000
121.641061	121.943064	66.000000	33.000000
121.644065	121.944057	57.000000	28.000000
121.644065	121.948053	62.000000	28.000000
121.790058	121.948053	76.000000	39.000000
121.948053	122.109053	78.000000	40.000000
121.952050	122.274049	66.000000	33.000000
121.952050	122.277053	50.000000	28.000000
121.953056	122.277053	57.000000	28.000000
121.955054	122.281050	62.000000	28.000000
122.112057	122.189050	79.000000	40.000000
122.189050	122.235063	78.000000	39.000000
122.235063	122.281050	79.000000	37.000000
122.281050	122.606053	78.000000	42.000000
122.284054	122.438053	43.000000	32.000000
122.606053	122.927047	67.000000	34.000000
122.610050	122.763043	76.000000	40.000000
122.610050	122.928053	59.000000	29.000000
122.612048	122.928053	64.000000	29.000000
122.767053	122.931043	74.000000	40.000000
122.932049	123.242046	67.000000	34.000000
122.932049	123.089052	73.000000	40.000000
122.933042	123.247048	52.000000	29.000000
122.934047	123.250052	59.000000	29.000000
122.935040	123.250052	64.000000	29.000000
123.090045	123.250052	71.000000	40.000000
123.251045	123.404051	69.000000	40.000000
123.253043	123.405044	45.000000	32.000000
123.405044	123.557045	73.000000	39.000000
123.558050	123.919063	67.000000	34.000000
123.561054	123.680051	73.000000	40.000000
123.561054	123.919063	57.000000	29.000000
123.564045	123.920055	64.000000	29.000000
123.681057	123.796056	74.000000	39.000000
123.797062	123.922053	73.000000	39.000000
123.922053	124.247057	67.000000	32.000000
123.926063	124.079056	71.000000	39.000000
123.926063	124.251053	57.000000	29.000000
123.926063	124.251053	64.000000	29.000000
124.083053	124.255050	69.000000	39.000000
124.255050	125.325064	74.000000	40.000000
124.255050	124.419067	38.000000	32.000000
124.593062	124.947060	66.000000	29.000000
124.594054	124.948052	50.000000	20.000000
124.594054	124.948052	57.000000	20.000000
124.595060	124.950051	62.000000	24.000000
124.951057	125.326056	66.000000	37.000000
124.951057	125.326056	50.000000	31.000000
124.954047	125.326056	57.000000	31.000000
124.955053	125.328055	62.000000	31.000000
125.328055	126.298049	74.000000	48.000000
125.329060	125.493051	66.000000	53.000000
125.332051	125.654051	50.000000	29.000000
125.332051	125.655056	57.000000	35.000000
125.493051	125.655056	69.000000	51.000000
125.657055	125.777057	69.000000	55.000000
125.658047	125.972053	60.000000	31.000000
125.661051	125.976050	50.000000	26.000000
125.777057	125.819047	71.000000	46.000000
125.819047	125.977056	69.000000	51.000000
125.977056	126.137050	68.000000	51.000000
125.979054	126.299055	50.000000	26.000000
125.980046	126.299055	59.000000	31.000000
126.137050	126.301053	64.000000	49.000000
126.302046	127.281039	74.000000	48.000000
126.305050	126.470046	64.000000	55.000000
126.306042	126.637041	50.000000	29.000000
126.306042	126.638046	55.000000	35.000000
126.470046	126.638046	67.000000	52.000000
126.638046	126.753046	67.000000	55.000000
126.641037	126.949049	58.000000	31.000000
126.641037	126.950041	50.000000	26.000000
126.753046	126.792046	69.000000	47.000000
126.792046	126.950041	67.000000	52.000000
126.952039	127.114045	66.000000	52.000000
126.953045	127.282045	50.000000	26.000000
126.953045	127.282045	57.000000	31.000000
127.114045	127.282045	62.000000	46.000000
127.285036	128.233010	74.000000	48.000000
127.286042	127.443045	66.000000	53.000000
127.286042	127.603039	50.000000	29.000000
127.288040	127.604045	57.000000	35.000000
127.443045	127.607035	69.000000	51.000000
127.608041	127.719031	69.000000	55.000000
127.611032	127.904023	60.000000	31.000000
127.611032	127.908020	50.000000	26.000000
127.723027	127.761021	71.000000	46.000000
127.765031	127.909012	69.000000	51.000000
127.911024	128.069019	68.000000	51.000000
127.912016	128.234015	50.000000	26.000000
127.912016	128.234015	59.000000	31.000000
128.073016	128.234015	64.000000	46.000000
128.237020	129.178006	74.000000	48.000000
128.238012	128.395015	64.000000	55.000000
128.238012	128.555009	50.000000	29.000000
128.238012	128.556015	55.000000	35.000000
128.395015	128.559019	67.000000	52.000000
128.560011	128.671001	67.000000	55.000000
128.562010	128.853016	58.000000	31.000000
128.563015	128.854008	50.000000	26.000000
128.674998	128.710001	69.000000	47.000000
128.710001	128.854008	67.000000	52.000000
128.856007	129.018012	66.000000	52.000000
128.857013	129.179012	50.000000	26.000000
128.857013	129.179012	57.000000	31.000000
129.018012	129.182003	62.000000	45.000000
129.183008	130.098997	69.000000	48.000000
129.183008	129.340012	62.000000	53.000000
129.185999	129.497001	50.000000	29.000000
129.185999	129.498007	54.000000	35.000000
129.340012	129.500005	66.000000	51.000000
129.501011	129.612994	66.000000	55.000000
129.501011	129.786989	57.000000	31.000000
129.502004	129.787994	50.000000	26.000000
129.615998	129.654997	67.000000	46.000000
129.654997	129.790985	66.000000	51.000000
129.791991	129.944998	64.000000	51.000000
129.791991	130.102001	50.000000	26.000000
129.792983	130.102993	56.000000	31.000000
129.944998	130.105997	59.000000	46.000000
130.106990	131.019988	69.000000	48.000000
130.106990	130.256992	61.000000	55.000000
130.108988	130.413996	50.000000	29.000000
130.109994	130.415001	52.000000	35.000000
130.259997	130.415001	64.000000	52.000000
130.417000	130.521995	64.000000	55.000000
130.417992	130.697988	55.000000	31.000000
130.420996	130.697988	50.000000	26.000000
130.525991	130.564991	66.000000	47.000000
130.567981	130.701985	64.000000	52.000000
130.701985	130.854991	62.000000	52.000000
130.704989	131.019988	50.000000	26.000000
130.704989	131.020980	54.000000	31.000000
130.858988	131.023984	57.000000	46.000000
131.023984	131.911984	69.000000	48.000000
131.023984	131.172981	62.000000	53.000000
131.024976	131.327986	50.000000	29.000000
131.025982	131.327986	54.000000	35.000000
131.173987	131.327986	66.000000	51.000000
131.330990	131.435985	66.000000	55.000000
131.330990	131.596985	57.000000	31.000000
131.331982	131.600981	50.000000	26.000000
131.436977	131.470988	67.000000	46.000000
131.471980	131.600981	66.000000	51.000000
131.601987	131.753988	64.000000	51.000000
131.603985	131.911984	50.000000	26.000000
131.603985	131.912989	56.000000	31.000000
131.754980	131.915980	59.000000	46.000000
131.915980	132.800975	69.000000	48.000000
131.918984	132.061973	61.000000	55.000000
131.918984	132.219982	50.000000	29.000000
131.919977	132.220974	52.000000	35.000000
132.062979	132.220974	64.000000	52.000000
132.223978	132.328973	64.000000	55.000000
132.224971	132.496960	55.000000	31.000000
132.224971	132.499964	50.000000	26.000000
132.332970	132.367973	66.000000	47.000000
132.367973	132.500970	64.000000	52.000000
132.503961	132.650973	62.000000	52.000000
132.504967	132.801968	50.000000	26.000000
132.504967	132.801968	54.000000	31.000000
132.650973	132.804972	57.000000	44.000000
132.804972	133.683959	62.000000	43.000000
132.805964	132.958971	54.000000	47.000000
132.805964	133.111978	38.000000	26.000000
132.807976	133.115974	45.000000	31.000000
132.958971	133.116980	57.000000	45.000000
133.116980	133.224966	57.000000	49.000000
133.118978	133.384973	48.000000	27.000000
133.118978	133.385966	38.000000	23.000000
133.224966	133.259969	59.000000	41.000000
133.259969	133.388970	57.000000	45.000000
133.389962	133.532964	56.000000	45.000000
133.389962	133.685957	38.000000	23.000000
133.392966	133.686963	47.000000	27.000000
133.532964	133.686963	52.000000	39.000000
133.686963	134.557944	62.000000	43.000000
133.690960	133.833948	52.000000	49.000000
133.690960	133.990952	38.000000	26.000000
133.690960	133.991958	43.000000	31.000000
133.834954	133.991958	55.000000	46.000000
133.994948	134.099943	55.000000	49.000000
133.994948	134.264953	46.000000	27.000000
133.994948	134.264953	38.000000	23.000000
134.100949	134.134946	57.000000	42.000000
134.137950	134.265945	55.000000	46.000000
134.267944	134.406936	54.000000	46.000000
134.267944	134.561941	38.000000	23.000000
134.268949	134.561941	45.000000	27.000000
134.407942	134.562947	50.000000	39.000000
134.564945	135.436945	62.000000	38.000000
134.564945	134.714947	54.000000	42.000000
134.565937	134.865942	38.000000	23.000000
134.565937	134.865942	45.000000	27.000000
134.715940	134.866948	57.000000	40.000000
134.869952	134.977938	57.000000	44.000000
134.869952	135.138938	48.000000	24.000000
134.872943	135.139944	38.000000	20.000000
134.978944	135.012941	59.000000	36.000000
135.013947	135.142934	57.000000	40.000000
135.142934	135.289946	56.000000	40.000000
135.145938	135.437951	38.000000	20.000000
135.145938	135.437951	47.000000	24.000000
135.289946	135.437951	52.000000	36.000000
135.439949	136.317957	62.000000	38.000000
135.440955	135.587953	52.000000	44.000000
135.440955	135.737956	38.000000	23.000000
135.443945	135.738962	43.000000	27.000000
135.587953	135.738962	55.000000	41.000000
135.740960	135.845955	55.000000	44.000000
135.741953	136.013955	46.000000	24.000000
135.741953	136.017952	38.000000	20.000000
135.849952	135.888951	57.000000	37.000000
135.888951	136.017952	55.000000	41.000000
136.020943	136.167955	54.000000	41.000000
136.021948	136.318950	38.000000	20.000000
136.021948	136.318950	45.000000	24.000000
136.167955	136.321954	50.000000	36.000000
136.322960	136.629952	50.000000	46.000000
136.322960	136.633962	57.000000	55.000000
136.324958	136.633962	38.000000	31.000000
136.325950	136.636953	45.000000	37.000000
136.637958	136.951951	62.000000	49.000000
136.637958	136.952957	69.000000	58.000000
136.638951	136.952957	50.000000	33.000000
136.639957	136.954955	57.000000	40.000000
136.955961	137.095946	74.000000	57.000000
136.955961	139.201937	62.000000	33.000000
136.958952	139.205934	69.000000	40.000000
137.095946	137.242958	81.000000	58.000000
137.242958	137.311958	86.000000	60.000000
137.385947	137.455952	90.000000	63.000000
137.533938	137.603943	92.000000	65.000000
137.669939	137.746932	93.000000	68.000000
137.816924	137.886930	95.000000	70.000000
137.959926	138.040929	97.000000	73.000000
138.127926	139.206940	98.000000	76.000000
